version https://git-lfs.github.com/spec/v1
oid sha256:199cc0aa13e70f716626b1fef779c912f5c693f983f2d169fefad1bf95702e32
size 5815
